Epoch	AverageEpRet	StdEpRet	MaxEpRet	MinEpRet	AverageTestEpRet	StdTestEpRet	MaxTestEpRet	MinTestEpRet	EpLen	TestEpLen	TotalEnvInteracts	AverageQ1Vals	StdQ1Vals	MaxQ1Vals	MinQ1Vals	AverageQ2Vals	StdQ2Vals	MaxQ2Vals	MinQ2Vals	AverageLogPi	StdLogPi	MaxLogPi	MinLogPi	LossPi	LossQ	Time
1	-288.24396	89.538445	-136.69193	-358.7047	-170.97952	9.88975	-153.28983	-181.86711	1000.0	1000.0	3999	4.167842	3.1714633	20.928846	-4.2473974	4.168215	3.1743193	21.89783	-4.0128217	-3.0742478	1.5723592	8.532911	-12.1292095	-5.052111	0.85067385	67.51682353019714
2	-262.07922	32.306717	-232.03242	-315.5186	227.31963	23.311493	284.32492	191.72125	1000.0	1000.0	7999	17.405022	7.7154026	51.602623	-3.8403933	17.40527	7.7138066	51.433216	-3.575391	-0.6562588	2.85712	18.480373	-12.631491	-18.897507	2.7494483	147.71355867385864
3	-230.49165	129.92763	-28.907349	-387.91284	59.512806	60.35457	152.45657	-15.679599	1000.0	1000.0	11999	37.906635	11.49467	84.113335	12.166041	37.90635	11.491602	86.77889	11.893614	0.066402145	3.2852259	24.2844	-14.038622	-39.447113	4.8621006	218.3597116470337
4	465.26685	406.0823	945.2314	-140.80469	1682.0111	101.224396	1774.1211	1403.4088	1000.0	1000.0	15999	44.774487	14.092599	81.601234	16.510185	44.774605	14.088721	82.637985	16.441322	-2.1312377	2.1066246	16.648314	-11.742082	-45.401432	4.1198907	290.7582142353058
5	723.33057	572.8358	1432.4539	-167.27052	1864.8933	58.717167	1923.4309	1771.3928	1000.0	1000.0	19999	48.50345	16.779879	95.51419	17.094383	48.503586	16.777521	94.99387	16.727417	-2.0462453	2.192589	16.332012	-13.167347	-49.09914	3.9376075	362.39827942848206
6	1334.171	551.85834	1984.657	700.4951	2231.27	479.30435	2613.1865	1268.1366	1000.0	1000.0	23999	55.60556	21.938484	114.61451	18.444107	55.60587	21.938686	114.68891	18.475662	-1.5990547	2.5665848	20.95351	-14.433567	-56.245567	4.775565	435.2947907447815
7	1968.0139	477.32147	2380.9202	1172.9431	3023.1902	44.583195	3095.2463	2958.1045	1000.0	1000.0	27999	66.94915	28.133217	137.26329	20.583565	66.94934	28.133202	137.20206	19.250446	-1.1288203	2.8903677	23.732618	-15.011442	-67.59908	6.471745	508.4308958053589
8	2636.5083	210.36684	2955.3972	2399.4219	3347.3547	107.90953	3509.247	3177.1882	1000.0	1000.0	31999	82.17745	34.519684	162.62202	21.945814	82.17745	34.519753	163.8511	20.983843	-0.5822316	3.21777	27.988409	-15.942794	-82.82107	8.736548	579.5643198490143
9	3116.8696	110.29717	3299.5454	3013.814	3840.2363	108.40806	4013.3628	3677.8984	1000.0	1000.0	35999	100.4906	41.373104	192.09766	23.239883	100.49055	41.37315	189.50653	22.901886	-0.041724972	3.5347416	28.551334	-13.635479	-101.15317	10.755222	649.0607945919037
10	3656.3096	134.43422	3791.8481	3440.5935	3973.852	73.70208	4076.5833	3826.8408	1000.0	1000.0	39999	120.5105	48.600155	217.6132	24.5294	120.51062	48.60172	215.91234	22.714045	0.35637718	3.6743426	28.176281	-13.5811825	-121.14575	11.784291	720.2101378440857
11	3917.017	87.444496	4034.1794	3787.8147	4223.0083	171.4601	4449.953	3853.9082	1000.0	1000.0	43999	142.13574	55.83102	241.41159	24.25504	142.13568	55.831917	242.5635	23.614777	0.80289286	3.8600922	27.91189	-14.172061	-142.78406	12.951703	794.2244246006012
12	4065.4092	118.63629	4260.652	3944.8975	4537.579	82.583015	4669.3706	4407.6797	1000.0	1000.0	47999	164.18454	62.34932	267.3876	22.829514	164.18495	62.35052	265.7721	23.040388	1.1683985	4.0093427	27.621082	-15.428829	-164.81876	13.658354	864.2000136375427
13	4312.127	103.32629	4430.639	4146.6885	4663.3584	121.82967	4816.425	4469.809	1000.0	1000.0	51999	185.30914	67.9337	288.40088	16.643606	185.3092	67.93505	289.73346	19.107573	1.4229603	4.1598477	29.245853	-13.959042	-185.89456	14.461672	935.5786309242249
14	4456.8364	78.93592	4535.913	4351.366	4806.9814	98.02608	4934.7925	4616.6235	1000.0	1000.0	55999	205.39346	72.77806	309.6472	19.035685	205.3934	72.779976	311.21133	19.63829	1.6050968	4.239071	31.163069	-13.530904	-205.91597	15.408096	1006.8385245800018
15	4613.708	169.72398	4805.6133	4406.5664	4843.866	87.53155	4991.3315	4637.3545	1000.0	1000.0	59999	223.92216	77.02959	328.3519	22.468136	223.92255	77.03185	327.60278	18.463076	1.8290796	4.347112	33.909748	-14.439293	-224.3993	15.892833	1077.106486082077
16	4557.715	64.34969	4646.9023	4466.889	4959.4478	76.490875	5110.7456	4826.32	1000.0	1000.0	63999	241.116	80.22347	343.24887	17.390957	241.11588	80.22477	344.26797	17.888044	1.9891793	4.430593	28.494703	-13.36333	-241.53549	16.646902	1147.3152749538422
17	4643.956	124.18213	4761.0757	4442.4287	5031.703	65.92077	5157.5913	4918.111	1000.0	1000.0	67999	256.48663	82.44672	353.10587	17.658829	256.48663	82.44854	355.58743	15.915445	2.0781093	4.4400473	37.475197	-14.299388	-256.8596	17.062914	1218.1384994983673
18	4777.917	85.47105	4864.5093	4641.8413	5135.4775	47.82757	5225.7153	5074.0913	1000.0	1000.0	71999	270.527	84.10731	366.56696	16.598186	270.52704	84.1085	365.7838	11.061021	2.0922658	4.41618	34.29419	-14.095501	-270.86078	16.820044	1290.9435029029846
19	4721.159	109.88829	4900.238	4603.2617	5200.429	73.01732	5309.153	5050.898	1000.0	1000.0	75999	282.9597	85.28055	373.98038	15.627951	282.96	85.28248	374.55695	7.0081925	2.1163123	4.391202	32.92108	-14.038811	-283.22717	17.145336	1368.2384333610535
20	4889.5244	50.233883	4970.875	4833.59	5311.9287	59.295803	5412.6133	5212.6216	1000.0	1000.0	79999	294.15738	86.19068	388.06696	16.727196	294.15753	86.19127	385.07318	14.940762	2.1775904	4.43133	39.551147	-14.772499	-294.39624	17.13375	1440.7508273124695
21	4949.4077	112.93793	5119.271	4802.4023	5289.5356	61.347378	5402.008	5205.612	1000.0	1000.0	83999	304.34167	87.22478	393.41974	9.998371	304.34192	87.22576	394.2005	19.874786	2.237674	4.4266405	40.7066	-13.41214	-304.55365	16.61175	1513.8034646511078
22	4937.417	26.021502	4970.3086	4897.6953	5353.0786	83.61019	5477.2324	5207.4175	1000.0	1000.0	87999	313.6811	87.763916	402.93225	15.294247	313.68112	87.76526	400.44724	11.528115	2.192282	4.4066195	39.61638	-13.960753	-313.857	16.248892	1586.3807904720306
23	4881.0103	76.37047	4955.2305	4756.617	5344.755	87.831055	5512.379	5222.113	1000.0	1000.0	91999	322.3738	87.879745	411.38495	9.280841	322.374	87.88138	412.6254	15.424562	2.2052948	4.3773975	46.51602	-14.520447	-322.52536	16.158155	1661.532945394516
24	5067.269	36.659107	5121.637	5024.718	5369.895	86.55889	5541.1357	5227.212	1000.0	1000.0	95999	330.0641	88.23666	415.457	15.893789	330.0641	88.23778	415.62384	15.533658	2.314829	4.418523	39.057	-14.359074	-330.18863	16.15969	1735.0313475131989
25	5100.845	109.08443	5238.8154	4971.2896	5425.9814	115.636024	5623.1035	5268.125	1000.0	1000.0	99999	337.3554	88.37495	422.31308	10.037105	337.35526	88.37602	424.07492	14.147544	2.3372858	4.408298	37.091095	-13.035937	-337.43323	16.199915	1807.9998762607574
26	5101.8467	73.584335	5182.287	4994.482	5443.608	117.037056	5661.847	5305.9697	1000.0	1000.0	103999	344.47137	88.04104	427.47348	16.874952	344.47125	88.04156	426.93973	17.531813	2.3328276	4.379491	42.31758	-13.382871	-344.5513	15.746997	1881.4826724529266
27	5145.0723	28.101112	5179.2744	5109.479	5320.532	66.44672	5440.164	5218.6567	1000.0	1000.0	107999	350.80753	87.928925	432.16653	13.731382	350.80807	87.92966	433.14795	13.570161	2.3867598	4.369832	37.5076	-14.13363	-350.84976	16.184011	1956.1067316532135
28	5123.4326	28.021622	5153.5234	5081.083	5562.749	66.95779	5646.7085	5402.017	1000.0	1000.0	111999	356.64352	87.74029	435.51886	23.723536	356.64337	87.74172	436.56326	15.157764	2.3393521	4.336454	37.00569	-13.139634	-356.66544	15.913746	2029.2123246192932
29	5226.3857	51.24764	5273.985	5139.9497	5736.205	72.30207	5841.6895	5635.178	1000.0	1000.0	115999	362.35687	87.575836	439.50516	20.94942	362.3571	87.576	440.99432	21.084604	2.4483392	4.388743	44.52225	-18.568253	-362.36618	15.781013	2101.6496188640594
30	5258.7964	97.68658	5352.4316	5109.311	5700.165	67.2487	5821.7246	5576.0483	1000.0	1000.0	119999	367.3606	87.24227	444.30457	17.308233	367.36044	87.243286	444.57404	13.323254	2.395383	4.3344083	39.094948	-14.941596	-367.33453	16.029467	2174.8944730758667
31	5300.792	140.2244	5433.268	5072.6294	5646.7236	59.44764	5698.9673	5512.1978	1000.0	1000.0	123999	372.30212	86.962296	447.8614	17.716263	372.30212	86.96332	448.09595	18.33974	2.3953297	4.3098903	41.122192	-13.796284	-372.27243	16.02453	2248.833480358124
32	5312.1626	85.93849	5445.781	5205.7915	5780.7275	62.23968	5873.19	5685.6133	1000.0	1000.0	127999	377.11957	86.89169	453.1425	13.401375	377.11987	86.892075	454.22018	18.503489	2.5156307	4.3642707	40.27843	-13.570974	-377.07306	16.065254	2323.644838809967
33	5408.5425	90.50121	5518.0376	5268.7036	5786.1772	78.70319	5884.53	5584.376	1000.0	1000.0	131999	381.24524	87.00418	457.5036	19.806774	381.2455	87.005455	457.59988	12.839207	2.5388298	4.3719616	46.72784	-13.390278	-381.1751	16.18072	2397.491651058197
34	5417.666	52.211987	5488.2056	5340.943	5887.1123	72.64813	6019.3857	5800.745	1000.0	1000.0	135999	385.73743	86.41906	466.11432	24.438679	385.7369	86.41995	464.48254	20.013935	2.5749843	4.321641	36.95939	-12.254684	-385.65207	16.06821	2471.6817264556885
35	5474.8545	28.156807	5521.091	5447.78	5907.296	71.90954	5999.031	5770.5884	1000.0	1000.0	139999	389.9579	86.141785	469.15652	11.700323	389.9578	86.142845	469.42603	13.131695	2.6235244	4.333889	37.965508	-14.09121	-389.85538	16.54737	2545.8585040569305
36	5490.6147	123.96678	5651.478	5305.199	5850.0454	72.8906	5993.5977	5778.9263	1000.0	1000.0	143999	393.8264	85.76127	471.39807	16.861698	393.82645	85.761086	470.64252	9.688011	2.661572	4.3568482	30.914246	-12.543092	-393.719	16.567043	2618.538234949112
37	5429.7227	65.42893	5502.3926	5328.519	5874.0396	68.45123	5966.38	5744.525	1000.0	1000.0	147999	397.7043	85.2391	472.47446	24.296007	397.704	85.239944	472.9179	5.2292213	2.6706371	4.35711	40.136955	-12.4386635	-397.59305	16.277119	2692.223810195923
38	5492.4873	61.83326	5584.3525	5418.688	5942.5986	74.009315	6089.3677	5859.252	1000.0	1000.0	151999	401.2997	85.52997	476.70657	12.36009	401.29953	85.5305	478.59018	-5.212001	2.6540375	4.341755	40.753498	-15.738585	-401.18466	16.021614	2765.818161725998
39	5518.188	113.420395	5651.654	5356.2866	5745.344	772.7811	6093.6475	3433.5962	1000.0	1000.0	155999	404.84677	84.98812	479.76816	10.171484	404.8466	84.9892	478.3546	1.4463844	2.6307166	4.2934437	35.79029	-13.878529	-404.7227	16.060656	2840.211348295212
40	5609.079	40.161983	5665.496	5552.189	5976.4897	72.28259	6107.9004	5863.5444	1000.0	1000.0	159999	408.1083	84.794914	483.3411	23.59356	408.1086	84.795204	481.99704	24.938887	2.6959782	4.337616	52.418034	-13.9494915	-407.9819	16.188154	2915.7582790851593
41	5711.0645	93.39895	5836.9375	5583.8105	5101.7275	1751.7747	6100.26	969.58624	1000.0	1000.0	163999	411.82764	84.29984	486.96948	10.518738	411.82745	84.30039	486.55234	1.5312998	2.65604	4.3148184	40.69062	-12.020118	-411.6947	16.813257	2989.2954592704773
42	5684.57	44.234585	5745.864	5626.245	6060.274	54.72796	6152.542	5961.662	1000.0	1000.0	167999	415.41824	84.0866	490.92737	21.942057	415.4181	84.08723	490.92102	19.051857	2.7074435	4.3443937	38.701557	-14.228448	-415.27188	16.057352	3061.942269563675
43	5592.933	61.535442	5657.4136	5512.1743	6064.8633	60.847355	6145.0854	5943.5127	1000.0	1000.0	171999	418.57257	84.02574	492.9751	19.052021	418.5727	84.02557	493.61682	15.44319	2.7200024	4.31603	43.62504	-13.220009	-418.41418	16.133724	3156.4509167671204
44	5798.749	32.587822	5837.641	5760.346	5975.2876	598.1252	6391.2007	4199.4146	1000.0	1000.0	175999	421.72235	83.70143	495.7592	9.539276	421.7221	83.7014	495.6745	9.506389	2.6972768	4.3117957	40.418205	-13.989218	-421.55472	16.466394	3229.686115026474
45	5740.6357	59.92232	5826.895	5658.6553	5639.241	1680.4668	6357.234	602.0044	1000.0	1000.0	179999	425.03763	83.44865	498.029	6.571396	425.0377	83.4489	498.09872	-5.6644287	2.7603028	4.3158064	42.14066	-13.109387	-424.87427	16.782106	3302.6221640110016
46	5335.8857	895.63635	5894.7197	3786.5698	6225.4873	54.79646	6321.294	6154.9375	1000.0	1000.0	183999	427.58508	84.69687	503.47357	17.308245	427.58487	84.697655	502.52298	-0.22263098	2.8056512	4.32434	31.781109	-12.879416	-427.4096	17.327137	3384.1343233585358
47	5792.122	84.16492	5881.9575	5660.167	6224.0283	54.997097	6310.898	6141.772	1000.0	1000.0	187999	429.85785	85.216446	504.63803	-7.412923	429.8579	85.21701	505.53772	3.950176	2.7970276	4.324926	32.76967	-14.822914	-429.6813	18.02491	3459.290548801422
48	5800.5054	35.942398	5828.5615	5738.772	6148.5073	53.93509	6217.719	6059.191	1000.0	1000.0	191999	432.99475	84.57559	508.32043	4.976241	432.99445	84.576195	509.34442	-11.502627	2.805769	4.316059	34.020954	-13.655903	-432.79712	18.03434	3532.5294256210327
49	5849.9873	87.72699	5962.883	5762.4624	6152.2725	108.64465	6248.607	5839.0625	1000.0	1000.0	195999	435.78696	84.626015	510.6543	12.699399	435.7871	84.626175	511.49158	9.4223	2.8321044	4.3294425	35.38932	-12.352176	-435.60892	18.277328	3606.168459415436
50	4546.4956	2028.7883	5750.2295	1032.7096	6124.6187	133.85509	6238.22	5771.8735	1000.0	1000.0	199999	438.0779	85.31185	515.88904	-2.7770023	438.07764	85.312836	516.48553	-26.402206	2.85005	4.3367877	33.096996	-13.835249	-437.86905	18.280426	3680.179426431656
